-0.123552595
7.619606807
6.42011632
5.477491456
10.83149126
7.66027996
7.397472156
11.950001
6.700422313
8.941660161
16.93498506
9.137583689
7.003923511
4.740394901
11.33398244
7.254348483
6.970024476
6.652446457
1.967402181
9.650870181
10.07019638
9.948154679
3.948479719
2.877736522
5.667436332
2.716009986
4.396787436
2.915901556
-2.539483013
9.304031413
6.346245847
9.476473511
2.264610655
3.17370114
9.604896434
3.069166782
3.781449345
7.96621064
0.872327278
9.313785777
1.96266645
7.528649379
8.873938049
5.725804318
3.858427624
3.150471409
2.179851532
8.174695336
4.887131883
1.729111798
7.538638432
4.592202124
2.974008576
4.391438765
10.0828599
9.845057397
2.558632052
-5.182787397
-4.370203957
3.442494286
5.41527284
8.480786025
7.520537132
12.39805649
8.607726724
3.482512832
4.978811722
1.587244744
6.391552703
4.407637111
6.080067387
0.5235829408
6.554725406
2.130016751
6.222741866
13.01303685
5.033393335
6.856814569
3.935950069
2.978629288
13.40262337
7.707203319
8.387204125
3.528383024
8.435662542
5.57949035
5.745204202
6.447356164
11.72261356
8.117428888
-0.936424541
12.49531877
6.873595563
1.45357466
7.85089105
6.457919443
8.504068649
5.42699665
19.22569018
13.21719129
